42 140
-11 27
-151 31
-93 -29
12 -129
136 8
229 35
0 0
100 100
200 -100
-100 100
-200 -100
$
-200 -100,-200 -100
-151 31,-151 31
-200 -100,-151 31;-151 31,-200 -100
-100 100,-100 100
-200 -100,-100 100;-100 100,-151 31;-151 31,-200 -100
-93 -29,-93 -29
-11 27,-11 27
-93 -29,-11 27;-11 27,-93 -29
0 0,0 0
-93 -29,0 0;0 0,-11 27;-11 27,-93 -29
-200 -100,0 0;0 0,-11 27;-11 27,-100 100;-100 100,-151 31;-151 31,-200 -100
12 -129,12 -129
42 140,42 140
12 -129,42 140;42 140,12 -129
100 100,100 100
12 -129,100 100;100 100,42 140;42 140,12 -129
136 8,136 8
200 -100,200 -100
136 8,200 -100;200 -100,136 8
229 35,229 35
136 8,200 -100;200 -100,229 35;229 35,136 8
12 -129,200 -100;200 -100,229 35;229 35,42 140;42 140,12 -129
-200 -100,12 -129;12 -129,200 -100;200 -100,229 35;229 35,42 140;42 140,-100 100;-100 100,-151 31;-151 31,-200 -100
